0.000000 
0.000000 
0.000000 
0.000000 
0.000000 
0.000000 
0.000000 
0.000000 
0.000000 
0.000000 
0.000000 
0.000000 
0.000000 
0.000000 
0.000000 
0.000000 
0.000000 
0.000000 
0.000000 
0.000000 
0.000000 
0.000000 
0.000000 
0.000000 
0.000000 
0.000000 
0.000000 
0.000000 
0.000037 
0.000037 
0.000037 
0.000037 
0.000037 
0.000111 
0.000222 
0.000333 
0.000519 
0.000778 
0.001259 
0.002000 
0.003000 
0.004259 
0.006111 
0.008815 
0.012222 
0.017333 
0.024667 
0.034778 
0.047000 
0.063852 
0.085185 
0.110296 
0.140593 
0.178259 
0.221074 
0.268148 
0.322815 
0.381704 
0.446185 
0.508556 
0.569926 
0.629444 
0.687778 
0.744963 
0.793815 
0.835778 
0.873556 
0.903259 
0.927778 
0.947444 
0.964037 
0.975111 
0.983148 
0.988926 
0.993593 
0.995593 
0.997074 
0.998185 
0.998926 
0.999593 
0.999778 
0.999852 
0.999963 
1.000000 
1.000000 
1.000000 
1.000000 
1.000000 
1.000000 
1.000000 
1.000000 
1.000000 
1.000000 
1.000000 
1.000000 
1.000000 
1.000000 
1.000000 
1.000000 
1.000000 
