0.000000 
0.000000 
0.000000 
0.000000 
0.000000 
0.000000 
0.000000 
0.000000 
0.000000 
0.000000 
0.000000 
0.000000 
0.000000 
0.000000 
0.000000 
0.000000 
0.000000 
0.000000 
0.000000 
0.000000 
0.000000 
0.000000 
0.000000 
0.000000 
0.000000 
0.000000 
0.000000 
0.000000 
0.000000 
0.000000 
0.000000 
0.000000 
0.000000 
0.000000 
0.000000 
0.000000 
0.000000 
0.000000 
0.000000 
0.000000 
0.000000 
0.000000 
0.000037 
0.000111 
0.000185 
0.000370 
0.000667 
0.001296 
0.002741 
0.005741 
0.010556 
0.018593 
0.033704 
0.057815 
0.091630 
0.136926 
0.200407 
0.279370 
0.367704 
0.468000 
0.569667 
0.668444 
0.754852 
0.827815 
0.886630 
0.928148 
0.956222 
0.974407 
0.986778 
0.993185 
0.996407 
0.998519 
0.999333 
0.999704 
0.999963 
1.000000 
1.000000 
1.000000 
1.000000 
1.000000 
1.000000 
1.000000 
1.000000 
1.000000 
1.000000 
1.000000 
1.000000 
1.000000 
1.000000 
1.000000 
1.000000 
1.000000 
1.000000 
1.000000 
1.000000 
1.000000 
1.000000 
1.000000 
1.000000 
1.000000 
