0.000000 
0.000000 
0.000000 
0.000037 
0.000074 
0.000074 
0.000074 
0.000111 
0.000148 
0.000296 
0.000407 
0.000778 
0.000889 
0.001296 
0.002148 
0.002852 
0.003704 
0.004519 
0.005704 
0.007370 
0.009000 
0.010667 
0.013815 
0.016815 
0.020037 
0.024296 
0.028556 
0.033519 
0.039296 
0.046259 
0.053296 
0.060556 
0.068185 
0.077037 
0.085963 
0.095704 
0.106481 
0.117593 
0.129667 
0.142815 
0.157593 
0.172519 
0.188593 
0.205444 
0.222148 
0.239370 
0.257852 
0.277407 
0.297889 
0.319407 
0.342407 
0.364259 
0.387037 
0.409630 
0.432000 
0.456593 
0.480333 
0.503704 
0.528741 
0.553037 
0.577370 
0.600963 
0.623963 
0.647889 
0.671296 
0.694000 
0.715630 
0.737148 
0.757481 
0.777444 
0.796074 
0.814074 
0.832667 
0.850852 
0.868000 
0.883370 
0.898074 
0.910630 
0.922852 
0.932963 
0.943370 
0.952000 
0.960778 
0.967667 
0.973593 
0.978556 
0.983074 
0.987407 
0.990111 
0.993000 
0.995444 
0.996778 
0.998037 
0.998889 
0.999444 
0.999741 
0.999926 
0.999963 
1.000000 
1.000000 
